Tableros Nuevos:
  Bound:
    Tablero0:(3,0),(2,0),(3,0),(1,1),(0,2),(0,1),(0,0),-> 142
    Tablero1:(4,1),(0,3),(1,1),(2,3),(5,2),(6,0),(1,3),(0,1),(0,1),(0,0),(0,0),-> 548
    Tablero2:(4,2),(0,4),(5,0),(1,2),(2,1),(1,4),(2,3),(5,3),(5,1),(0,2),(0,2),(1,0),-> 518 Tiempo: 279
    Tablero3:(0,4),(5,5),(6,0),(5,0),(2,2),(1,2),(0,4),(2,1),(0,1),(0,1),(1,0),(0,0),-> 254 Tiempo: 307
    Tablero4:
    Tablero5:
    Tablero6:
    Tablero7:
    Tablero8:
    Tablero9:
  BacktrackingLimitado: 3 niveles
    Tablero0: (1,3),(3,0),(0,3),(3,0),(2,0),(0,2),-> 122
    Tablero1: (3,1),(6,3),(0,4),(0,3),(1,1),(4,2),(2,0),(0,2),(0,1),(0,0),(2,1),(2,0),-> 340, (62%)
    Tablero2: (3,2),(0,5),(3,3),(5,0),(4,0),(3,1),(0,4),(1,2),(0,2),(1,0),(3,0),(0,0),(0,1),-> 256
    Tablero3: (3,0),(2,2),(4,2),(1,2),(2,1),(0,1),(1,0),(1,0),(3,0),(2,0),(0,1),(0,0),-> 132
    Tablero4: (2,4),(0,5),(0,1),(0,2),(2,2),(4,6),(4,0),(0,1),(4,1),(3,0),(2,1),(2,2),(4,0),(3,0),(2,0),(0,1),-> 100
    Tablero5: (0,2),(0,2),(0,0),(2,1),(1,1),(2,2),(0,0),(1,0),(4,2),(2,0),(1,0),(0,0),(0,0),(2,1),(0,2),-> 100
    Tablero6: (0,0),(0,1),(2,2),(3,2),(3,1),(2,0),(1,1),(2,0),(0,2),(2,2),(3,1),(1,2),(1,0),(3,1),(3,1),(0,0),(0,0),(2,3),-> 100
    Tablero7: (9,0),(4,1),(1,0),(6,3),(6,3),(6,2),(2,0),(9,1),(0,3),(0,0),(6,0),(8,0),(9,0),(8,0),(3,2),-> 120
    Tablero8: (8,0),(10,2),(5,1),(17,0),(13,1),(13,1),(3,0),(12,0),(0,2),(2,0),(5,0),(4,0),(4,0),(6,0),(6,0),(8,0),(7,1),-> 340
    Tablero9: (5,0),(8,1),(4,2),(0,0),(4,0),(10,0),(9,2),(2,3),(12,3),(6,0),(0,1),(12,1),-> 84